year,month,total,minimum,maximum
1999,6,37.40,0.00,15.20
1999,7,58.60,0.00,28.00
1999,8,53.20,0.00,25.60
1999,9,72.60,0.00,22.40
1999,10,35.40,0.00,17.00
1999,11,218.40,0.00,26.40
1999,12,165.90,0.00,35.70
2000,1,171.60,0.00,72.60
2000,2,1380.80,0.00,209.40
2000,3,661.00,0.00,277.00
2000,4,560.60,0.00,197.00
2000,5,50.40,0.00,29.40
2000,6,23.50,0.00,5.20
2000,7,9.60,0.00,8.40
2000,8,71.00,0.00,24.80
2000,9,8.30,0.00,3.70
2000,10,48.60,0.00,18.60
2000,11,235.20,0.00,44.60
2000,12,481.80,0.00,155.40
2001,1,285.20,0.00,96.20
2001,2,892.60,0.00,197.20
2001,3,194.40,0.00,41.00
2001,4,240.20,0.00,112.60
2001,5,2.20,0.00,2.20
2001,6,86.20,0.00,18.60
2001,7,4.40,0.00,2.60
2001,8,11.40,0.00,4.00
2001,9,35.00,0.00,9.60
2001,10,101.80,0.00,60.60
2001,11,115.60,0.00,63.80
2001,12,71.00,0.00,53.60
2002,1,189.40,0.00,37.80
2002,2,299.40,0.00,95.40
2002,3,75.00,0.00,25.20
2002,4,147.80,0.00,37.60
2002,5,68.00,0.00,13.20
2002,6,1.00,0.00,1.00
2002,7,4.60,0.00,2.80
2002,8,67.80,0.00,20.00
2002,9,8.20,0.00,3.20
2002,10,0.40,0.00,0.40
2002,11,16.80,0.00,6.20
2002,12,71.80,0.00,15.60
2003,1,372.80,0.00,188.20
2003,2,148.60,0.00,28.20
2003,3,214.40,0.00,73.60
2003,4,197.60,0.00,83.40
2003,5,117.40,0.00,25.20
2003,6,60.80,0.00,19.80
2003,7,35.80,0.00,10.80
2003,8,22.20,0.00,7.40
2003,9,7.40,0.00,2.40
2003,10,15.60,0.00,6.60
2003,11,31.00,0.00,6.20
2003,12,251.20,0.00,51.40
2004,1,330.80,0.00,169.60
2004,2,642.00,0.00,118.60
2004,3,979.20,0.00,172.60
2004,4,366.40,0.00,94.80
2004,5,48.80,0.00,31.20
2004,6,41.00,0.00,14.20
2004,7,36.40,0.00,18.60
2004,8,0.80,0.00,0.80
2004,9,36.40,0.00,16.20
2004,10,31.20,0.00,17.00
2004,11,77.20,0.00,33.20
2004,12,325.40,0.00,99.40
2005,1,503.80,0.00,113.80
2005,2,168.60,0.00,81.80
2005,3,525.60,0.00,286.80
2005,4,259.80,0.00,34.20
2005,5,24.60,0.00,7.80
2005,6,45.20,0.00,10.80
2005,7,76.60,0.00,18.40
2005,8,82.40,0.00,16.20
2005,9,6.40,0.00,3.20
2005,10,21.20,0.00,8.00
2005,11,29.00,0.00,12.60
2005,12,102.80,0.00,36.20
2006,1,395.20,0.00,63.60
2006,2,296.20,0.00,119.00
2006,3,715.60,0.00,173.20
2006,4,646.60,0.00,233.60
2006,5,78.60,0.00,36.80
2006,6,88.20,0.00,40.20
2006,7,81.40,0.00,20.40
2006,8,15.80,0.00,7.80
2006,9,112.60,0.00,62.60
2006,10,97.80,0.00,24.00
2006,11,20.40,0.00,8.80
2006,12,112.00,0.00,19.00
2007,1,263.00,0.00,72.20
2007,2,845.20,0.00,198.40
2007,3,335.00,0.00,127.60
2007,4,77.40,0.00,13.20
2007,5,126.40,0.00,24.80
2007,6,74.40,0.00,15.20
2007,7,20.40,0.00,9.40
2007,8,20.20,0.00,3.80
2007,9,7.60,0.00,6.60
2007,10,76.00,0.00,38.20
2007,11,75.40,0.00,16.00
2007,12,228.20,0.00,54.60
2008,1,577.60,0.00,201.20
2008,2,670.60,0.00,122.20
2008,3,976.80,0.00,264.20
2008,4,22.00,0.00,7.80
2008,5,52.80,0.00,21.20
2008,6,22.40,0.00,8.40
2008,7,77.20,0.00,30.80
2008,8,4.80,0.00,2.00
2008,9,42.00,0.00,11.80
2008,10,70.60,0.00,30.60
2008,11,123.20,0.00,69.20
2008,12,61.80,0.00,27.80
2009,1,941.20,0.00,225.40
2009,2,620.60,0.00,123.40
2009,3,169.00,0.00,73.80
2009,4,155.40,0.00,48.20
2009,5,100.40,0.00,19.80
2009,6,16.60,0.00,11.40
2009,7,7.60,0.00,2.20
2009,8,4.20,0.00,1.60
2009,9,2.80,0.00,1.20
2009,10,61.00,0.00,31.80
2009,11,294.80,0.00,120.00
2009,12,96.40,0.00,18.40
2010,1,663.60,0.00,96.40
2010,2,224.60,0.00,53.80
2010,3,464.80,0.00,122.40
2010,4,343.20,0.00,253.20
2010,5,38.00,0.00,12.60
2010,6,14.60,0.00,9.20
2010,7,38.20,0.00,10.40
2010,8,74.00,0.00,32.00
2010,9,141.00,0.00,43.60
2010,10,255.00,0.00,40.40
2010,11,267.80,0.00,57.60
2010,12,446.40,0.00,101.60
2011,1,601.40,0.00,111.00
2011,2,991.40,0.00,182.20
2011,3,520.20,0.00,145.20
2011,4,58.00,0.00,14.40
2011,5,11.60,0.00,3.40
2011,6,84.80,0.00,60.60
2011,7,13.20,0.00,7.40
2011,8,19.60,0.00,5.60
2011,9,16.60,0.00,8.60
2011,10,430.60,0.00,189.20
2011,11,115.40,0.00,36.20
2011,12,245.40,0.00,57.40
2012,1,253.20,0.00,65.40
2012,2,383.80,0.00,55.40
2012,3,1206.00,0.00,226.80
2012,4,131.40,0.00,43.20
2012,5,167.00,0.00,97.40
2012,6,34.20,0.00,22.80
2012,7,51.80,0.00,44.60
2012,8,14.40,0.00,8.20
2012,9,22.60,0.00,9.40
2012,10,58.80,0.00,22.20
2012,11,34.20,0.00,13.40
2012,12,37.60,0.00,9.00
2013,1,467.20,0.00,165.80
2013,2,219.20,0.00,60.00
2013,3,349.00,0.00,69.00
2013,4,102.40,0.00,38.80
2013,5,199.60,0.00,58.60
2013,6,17.00,0.00,3.60
2013,7,59.40,0.00,14.40
2013,8,6.80,0.00,3.60
2013,9,33.80,0.00,13.20
2013,10,40.60,0.00,26.80
2013,11,210.60,0.00,52.20
2013,12,90.20,0.00,21.20
2014,1,338.60,0.00,72.40
2014,2,487.80,0.00,69.00
2014,3,331.60,0.00,102.60
2014,4,373.60,0.00,145.20
2014,5,114.60,0.00,28.60
2014,6,80.60,0.00,27.80
2014,7,26.60,0.00,6.60
2014,8,32.00,0.00,13.80
2014,9,6.80,0.00,3.00
2014,10,8.00,0.00,4.80
2014,11,9.40,0.00,3.20
2014,12,85.20,0.00,66.60
2015,1,324.40,0.00,68.80
2015,2,702.40,0.00,243.20
2015,3,288.60,0.00,114.40
2015,4,79.20,0.00,28.40
2015,5,26.60,0.00,9.40
2015,6,198.20,0.00,43.60
2015,7,30.80,0.00,8.00
2015,8,10.00,0.00,7.20
2015,9,22.80,0.00,13.80
2015,10,62.00,0.00,12.40
2015,11,99.20,0.00,25.60
2015,12,383.40,0.00,83.60
2016,1,109.20,0.00,31.80
2016,2,150.40,0.00,59.80
2016,3,310.40,0.00,69.40
2016,4,147.40,0.00,35.80
2016,5,220.40,0.00,116.00
2016,6,81.60,0.00,23.00
2016,7,135.80,0.00,69.00
2016,8,38.20,0.00,7.80
2016,9,72.60,0.00,30.20
2016,10,31.00,0.00,18.20
2016,11,17.00,0.00,8.20
2016,12,180.60,0.00,89.60
2017,1,310.80,0.00,50.80
2017,2,433.00,27.20,135.20
