year,month,total,minimum,maximum
1954,4,237.20,0.00,54.10
1954,5,22.90,0.00,5.80
1954,6,39.90,0.00,11.90
1954,7,23.10,0.00,11.20
1954,8,0.00,0.00,0.00
1954,9,3.90,0.00,1.80
1954,10,61.40,0.00,18.00
1954,11,14.00,0.00,7.10
1954,12,16.80,0.00,6.10
1955,1,77.20,0.00,26.20
1955,2,366.10,0.00,60.70
1955,3,603.10,0.00,98.80
1955,4,54.80,0.00,14.50
1955,5,71.70,0.00,21.60
1955,6,76.30,0.00,17.50
1955,7,9.50,0.00,2.30
1955,8,14.60,0.00,5.80
1955,9,30.00,0.00,8.60
1955,10,41.40,0.00,22.40
1955,11,27.40,0.00,16.50
1955,12,103.80,0.00,33.50
1956,1,360.90,0.00,65.50
1956,2,453.40,0.00,102.90
1956,3,350.70,0.00,83.30
1956,4,41.20,0.00,7.40
1956,5,128.00,0.00,47.20
1956,6,41.20,0.00,27.70
1956,7,15.80,0.00,6.60
1956,8,16.10,0.00,6.60
1956,9,20.90,0.00,20.10
1956,10,23.90,0.00,18.30
1956,11,69.40,0.00,46.00
1956,12,273.00,0.00,69.30
1957,1,416.40,0.00,66.30
1957,2,216.20,0.00,73.70
1957,3,164.60,0.00,57.20
1957,4,32.30,0.00,6.40
1957,5,23.90,0.00,7.90
1957,6,76.50,0.00,11.70
1957,7,34.40,0.00,7.90
1957,8,7.90,0.00,7.90
1957,9,0.00,0.00,0.00
1957,10,15.50,0.00,15.50
1957,11,83.40,0.00,38.40
1957,12,19.90,0.00,10.70
1958,1,347.00,0.00,81.50
1958,2,407.70,0.00,100.80
1958,3,369.70,0.00,134.60
1958,4,121.90,0.00,39.40
1958,5,57.80,0.00,10.90
1958,6,44.10,0.00,20.30
1959,1,257.60,0.00,40.60
1959,2,205.60,0.00,73.20
1959,3,413.10,0.00,71.60
1959,4,43.60,0.00,5.80
1959,5,67.90,0.00,9.90
1959,6,42.90,0.00,11.40
1959,7,22.10,0.00,3.80
1959,8,54.90,0.00,12.20
1959,9,35.70,0.00,11.90
1959,10,0.50,0.00,0.50
1959,11,37.20,0.00,15.50
1959,12,345.00,0.00,69.10
1960,1,330.60,0.00,70.60
1960,2,234.50,0.00,84.10
1960,3,64.40,0.00,16.30
1960,4,8.20,0.00,3.00
1960,5,38.20,0.00,25.70
1960,6,13.50,0.00,6.10
1960,7,20.50,0.00,3.60
1960,8,3.10,0.00,2.50
1960,10,13.20,0.00,7.60
1960,11,26.70,0.00,15.50
1960,12,175.70,0.00,81.50
1961,1,150.40,0.00,35.80
1961,2,56.20,0.00,35.30
1961,3,164.80,0.00,63.20
1961,4,50.10,0.00,10.40
1961,5,39.50,0.00,13.70
1961,6,2.10,0.00,1.00
1961,7,9.10,0.00,5.80
1961,8,6.30,0.00,2.00
1961,9,2.30,0.00,2.30
1961,10,8.20,0.00,2.50
1961,11,73.90,0.00,32.50
1961,12,106.00,0.00,25.90
1962,1,349.70,0.00,103.10
1962,2,279.40,0.00,52.60
1962,3,149.60,0.00,48.30
1962,4,88.60,0.00,24.60
1962,5,9.70,0.00,3.30
1962,6,40.00,0.00,8.40
1962,7,33.20,0.00,8.60
1962,8,4.80,0.00,2.00
1962,9,46.40,0.00,32.00
1962,10,0.80,0.00,0.80
1962,11,74.10,0.00,30.70
1962,12,49.10,0.00,13.70
1963,1,469.20,0.00,73.40
1963,2,496.90,0.00,71.40
1963,3,95.70,0.00,16.00
1963,4,204.10,0.00,85.10
1963,5,61.40,0.00,48.00
1963,6,8.30,0.00,4.60
1963,7,5.30,0.00,3.30
1963,8,6.90,0.00,2.80
1963,9,2.40,0.00,1.00
1963,10,23.40,0.00,8.60
1963,11,45.70,0.00,11.90
1963,12,105.80,0.00,27.90
1964,1,241.80,0.00,80.80
1964,2,142.90,0.00,57.20
1964,3,552.10,0.00,134.60
1964,4,67.80,0.00,21.10
1964,5,141.90,0.00,48.00
1964,6,5.60,0.00,2.50
1964,7,14.10,0.00,5.60
1964,8,19.50,0.00,10.40
1964,9,25.60,0.00,8.60
1964,10,125.10,0.00,63.20
1964,11,108.10,0.00,48.80
1964,12,196.10,0.00,78.00
1965,1,112.50,0.00,37.10
1965,2,169.50,0.00,48.80
1965,3,262.10,0.00,81.30
1965,4,116.70,0.00,43.20
1965,5,80.40,0.00,16.30
1965,6,52.10,0.00,14.00
1965,7,10.40,0.00,3.80
1965,8,1.90,0.00,0.80
1965,9,1.10,0.00,0.50
1965,10,17.40,0.00,6.10
1965,11,4.80,0.00,3.80
1965,12,147.00,0.00,70.40
1966,1,215.30,0.00,66.30
1966,2,87.30,0.00,19.80
1966,3,81.00,0.00,18.50
1966,4,58.20,0.00,16.80
1966,5,17.70,0.00,3.80
1966,6,26.30,0.00,5.30
1966,7,5.30,0.00,2.50
1966,8,17.70,0.00,4.60
1966,9,0.00,0.00,0.00
1966,10,22.40,0.00,15.50
1966,11,61.20,0.00,18.50
1966,12,15.80,0.00,6.10
1967,1,106.60,0.00,34.30
1967,2,249.40,0.00,145.50
1967,3,978.60,0.00,435.90
1967,4,61.00,0.00,19.60
1967,5,50.30,0.00,19.80
1967,6,83.00,0.00,27.70
1967,7,18.50,0.00,7.40
1967,8,12.00,0.00,4.80
1967,9,0.30,0.00,0.30
1967,10,88.60,0.00,32.80
1967,11,38.10,0.00,14.70
1967,12,78.50,0.00,26.90
1968,1,470.30,0.00,88.10
1968,2,251.80,0.00,89.40
1968,3,34.00,0.00,6.10
1968,4,24.30,0.00,6.60
1968,5,36.50,0.00,9.40
1968,6,3.40,0.00,2.00
1968,7,30.10,0.00,5.80
1968,8,3.60,0.00,3.30
1968,9,10.70,0.00,4.80
1968,10,8.90,0.00,6.40
1968,11,54.80,0.00,47.20
1968,12,32.00,0.00,18.50
1969,1,271.00,0.00,119.10
1969,2,65.00,0.00,19.80
1969,3,184.80,0.00,36.80
1969,4,32.60,0.00,8.10
1969,5,52.40,0.00,16.50
1969,6,61.40,0.00,22.10
1969,7,68.40,0.00,6.60
1969,8,4.90,0.00,1.50
1969,9,11.10,0.00,3.30
1969,10,12.20,0.00,6.40
1969,11,2.50,0.00,1.50
1969,12,146.90,0.00,37.60
1970,1,137.00,0.00,81.80
1970,2,350.00,0.00,79.50
1970,3,143.90,0.00,46.20
1970,4,89.40,0.00,35.80
1970,5,26.70,0.00,5.10
1970,6,26.40,0.00,10.90
1970,7,14.70,0.00,3.60
1970,8,119.10,0.00,92.70
1970,9,2.30,0.00,2.30
1970,10,25.20,0.00,10.70
1970,11,138.60,0.00,44.50
1970,12,250.80,0.00,52.30
1971,1,146.60,0.00,28.20
1971,2,328.20,0.00,64.50
1971,3,349.10,0.00,112.80
1971,4,216.50,0.00,73.90
1971,5,10.90,0.00,2.30
1971,6,46.50,0.00,31.20
1971,7,15.00,0.00,6.10
1971,8,12.30,0.00,5.10
1971,9,2.00,0.00,1.00
1971,10,28.70,0.00,20.80
1971,11,69.90,0.00,25.70
1971,12,133.70,0.00,65.50
1972,1,306.20,0.00,123.40
1972,2,381.60,0.00,78.00
1972,3,846.00,0.00,136.90
1972,4,49.20,0.00,18.50
1972,5,73.10,0.00,16.80
1972,6,58.80,0.00,21.80
1972,7,1.00,0.00,1.00
1972,8,8.40,0.00,4.30
1972,9,40.30,0.00,10.40
1972,10,0.00,0.00,0.00
1972,11,15.60,0.00,13.70
1972,12,26.10,0.00,18.30
1973,1,39.20,0.00,13.50
1973,2,274.00,0.00,34.00
1973,3,539.90,0.00,214.90
1973,4,162.50,0.00,32.50
1973,5,30.80,0.00,13.50
1973,6,35.30,0.00,8.40
1973,7,24.50,0.00,5.30
1973,8,9.10,0.00,4.30
1973,9,12.30,0.00,3.80
1973,10,30.30,0.00,8.40
1973,11,203.10,0.00,42.20
1973,12,234.20,0.00,67.30
1974,1,545.80,0.00,81.40
1974,2,366.40,0.00,100.60
1974,3,843.40,0.00,156.00
1974,4,53.80,0.00,16.00
1974,5,41.40,0.00,10.60
1974,6,26.40,0.00,12.20
1974,7,0.00,0.00,0.00
1974,8,51.20,0.00,42.00
1974,9,4.10,0.00,1.40
1974,10,6.30,0.00,5.40
1974,11,84.60,0.00,33.00
1974,12,79.40,0.00,26.00
1975,1,305.80,0.00,93.40
1975,2,223.80,0.00,85.00
1975,3,272.20,0.00,60.00
1975,4,103.20,0.00,39.60
1975,5,35.40,0.00,16.80
1975,6,90.20,0.00,32.40
1975,7,25.40,0.00,7.40
1975,8,22.00,0.00,12.00
1975,9,69.60,0.00,38.40
1975,10,50.00,0.00,20.00
1975,11,41.80,0.00,30.20
1975,12,206.80,0.00,55.00
1976,1,117.60,0.00,40.60
1976,2,236.50,0.00,73.80
1976,3,307.60,0.00,65.40
1976,4,103.40,0.00,39.60
1976,5,35.00,0.00,11.60
1976,6,47.20,0.00,21.20
1976,7,34.80,0.00,11.40
1976,8,4.00,0.00,2.40
1976,9,2.60,0.00,1.80
1976,10,48.80,0.00,15.60
1976,11,159.60,0.00,43.80
1976,12,165.60,0.00,38.80
1977,1,97.00,0.00,31.60
1977,2,834.80,0.00,162.00
1977,3,582.00,0.00,316.80
1977,4,142.80,0.00,34.00
1977,5,156.70,0.00,93.00
1977,6,39.20,0.00,10.20
1977,7,7.80,0.00,3.20
1977,8,14.40,0.00,6.20
1977,9,38.80,0.00,12.20
1977,10,5.20,0.00,2.40
1977,11,17.00,0.00,6.20
1977,12,77.30,0.00,35.60
1978,1,263.00,0.00,95.00
1978,2,71.00,0.00,20.00
1978,3,131.00,0.00,58.00
1978,4,55.00,0.00,26.00
1978,5,45.00,0.00,14.00
1978,6,3.80,0.00,1.80
1978,7,1.00,0.00,1.00
1978,8,33.00,0.00,12.00
1978,9,7.00,0.00,6.00
1978,10,29.00,0.00,10.00
1978,11,74.00,0.00,42.00
1978,12,262.00,0.00,70.00
1979,1,1222.00,0.00,264.00
1979,2,244.00,0.00,63.00
1979,3,213.00,0.00,43.00
1979,4,67.00,0.00,17.00
1979,5,18.00,0.00,7.00
1979,6,65.00,0.00,40.00
1979,7,28.00,0.00,16.00
1979,8,9.40,0.00,9.00
1979,9,6.00,0.00,2.00
1979,10,26.00,0.00,17.00
1979,11,0.00,0.00,0.00
1979,12,44.00,0.00,20.00
1980,1,64.00,0.00,19.00
1980,2,167.00,0.00,26.00
1980,3,205.00,0.00,89.00
1980,4,65.00,0.00,32.00
1980,5,39.00,0.00,13.00
1980,6,30.00,0.00,13.00
1980,7,8.00,0.00,3.00
1980,8,27.00,0.00,5.00
1980,9,0.00,0.00,0.00
1980,10,14.00,0.00,5.00
1980,11,43.00,0.00,17.00
1980,12,27.00,0.00,5.00
1981,1,693.00,0.00,83.00
1981,2,386.00,0.00,75.00
1981,3,93.00,0.00,39.00
1981,4,63.00,0.00,13.00
1981,5,81.00,0.00,26.00
1981,6,3.00,0.00,2.00
1981,7,31.00,0.00,12.00
1981,8,0.00,0.00,0.00
1981,9,34.00,0.00,7.00
1981,10,47.00,0.00,22.00
1981,11,294.00,0.00,87.00
1981,12,108.00,0.00,29.00
1982,1,164.00,0.00,43.00
1982,2,123.00,0.00,67.00
1982,3,155.00,0.00,25.00
1982,4,200.00,0.00,77.00
1982,5,21.00,0.00,4.00
1982,6,11.00,0.00,6.00
1982,7,0.00,0.00,0.00
1982,8,46.00,0.00,7.00
1982,9,0.00,0.00,0.00
1982,10,0.00,0.00,0.00
1982,11,10.00,0.00,5.00
1982,12,109.00,0.00,28.00
1983,1,55.00,0.00,25.00
1983,2,51.00,0.00,35.00
1983,3,254.00,0.00,95.00
1983,4,172.00,0.00,62.00
1983,5,138.00,0.00,34.00
1983,6,42.00,0.00,16.00
1983,7,13.20,0.00,5.00
1983,8,25.00,0.00,7.00
1983,9,55.00,0.00,44.00
1983,10,13.00,0.00,6.00
1983,11,232.00,0.00,92.00
1983,12,62.00,0.00,26.00
1984,1,180.00,0.00,59.00
1984,2,213.00,0.00,52.00
1984,3,49.00,0.00,12.00
1984,4,18.00,0.00,5.00
1984,5,28.00,0.00,8.00
1984,6,23.00,0.00,9.00
1984,7,49.00,0.00,20.00
1984,8,3.00,0.00,3.00
1984,9,10.00,0.00,6.00
1984,10,11.00,0.00,7.00
1984,11,157.00,0.00,38.00
1984,12,130.00,0.00,31.00
1985,1,236.00,0.00,79.00
1985,2,212.00,0.00,90.00
1985,3,283.00,0.00,69.00
1985,4,83.00,0.00,25.00
1985,5,70.00,0.00,21.00
1985,6,8.00,0.00,2.00
1985,7,20.00,0.00,8.00
1985,8,1.00,0.00,1.00
1985,9,5.00,0.00,2.00
1985,10,90.00,0.00,30.00
1985,11,74.00,0.00,29.00
1985,12,18.00,0.00,5.00
1986,1,321.00,0.00,118.00
1986,2,194.00,0.00,63.00
1986,3,143.00,0.00,32.00
1986,4,140.00,0.00,44.00
1986,5,37.00,0.00,9.00
1986,6,33.00,0.00,10.00
1986,7,5.00,0.00,2.00
1986,8,21.00,0.00,13.00
1986,9,9.00,0.00,2.00
1986,10,13.00,0.00,7.00
1986,11,37.00,0.00,19.00
1986,12,48.00,0.00,23.00
1987,1,78.00,0.00,36.00
1987,2,179.00,0.00,47.00
1987,3,169.00,0.00,77.00
1987,4,115.00,0.00,45.00
1987,5,51.00,0.00,15.00
1987,6,72.00,0.00,19.00
1987,7,37.00,0.00,25.00
1987,8,4.00,0.00,4.00
1987,9,26.00,0.00,5.00
1987,10,37.00,0.00,27.00
1987,11,124.00,0.00,34.00
1987,12,184.00,0.00,55.00
1988,1,21.00,0.00,5.00
1988,2,187.00,0.00,60.00
1988,3,154.00,0.00,31.00
1988,4,49.00,0.00,11.00
1988,5,73.00,0.00,30.00
1988,6,15.00,0.00,5.00
1988,7,44.00,0.00,8.00
1988,8,80.00,0.00,50.00
1988,9,20.00,0.00,8.00
1988,10,23.00,0.00,21.00
1988,11,132.00,0.00,29.00
1988,12,223.00,0.00,40.00
1989,1,187.00,0.00,47.00
1989,2,146.00,0.00,46.00
1989,3,445.00,0.00,82.00
1989,4,252.00,0.00,82.00
1989,5,116.00,0.00,40.00
1989,6,60.00,0.00,42.00
1989,7,13.00,0.00,5.00
1989,8,10.00,0.00,3.00
1989,9,6.00,0.00,2.00
1989,10,3.00,0.00,2.00
1989,11,239.00,0.00,109.00
1989,12,94.00,0.00,54.00
1990,1,51.00,0.00,20.00
1990,2,16.00,0.00,4.00
1990,3,607.00,0.00,140.00
1990,4,201.00,0.00,61.00
1990,5,177.00,0.00,21.00
1990,6,95.00,0.00,77.00
1990,7,20.00,0.00,4.00
1990,8,0.00,0.00,0.00
1990,9,38.00,0.00,6.00
1990,10,21.00,0.00,17.00
1990,11,9.00,0.00,5.00
1990,12,254.00,0.00,74.00
1991,1,534.00,0.00,97.00
1991,2,453.00,0.00,78.00
1991,3,34.00,0.00,12.00
1991,4,44.00,0.00,8.00
1991,5,50.00,0.00,10.00
1991,6,13.00,0.00,4.00
1991,7,12.00,0.00,5.00
1991,8,8.00,0.00,4.00
1991,9,0.00,0.00,0.00
1991,10,0.00,0.00,0.00
1991,11,82.00,0.00,48.00
1991,12,176.00,0.00,54.00
1992,1,156.00,0.00,62.00
1992,2,205.00,0.00,50.00
1992,3,89.00,0.00,24.00
1992,4,60.00,0.00,12.00
1992,5,54.00,0.00,12.00
1992,6,11.00,0.00,7.00
1992,7,33.00,0.00,7.00
1992,8,9.00,0.00,7.00
1992,9,58.00,0.00,33.00
1992,10,3.00,0.00,1.00
1992,11,14.00,0.00,5.00
1992,12,175.00,0.00,43.00
1993,1,150.00,0.00,40.00
1993,2,161.00,0.00,26.00
1993,3,23.00,0.00,9.00
1993,4,81.00,0.00,15.00
1993,5,52.00,0.00,10.00
1993,6,26.00,0.00,5.00
1993,7,52.00,0.00,12.00
1993,8,35.00,0.00,6.00
1993,9,27.00,0.00,14.00
1993,10,34.00,0.00,19.00
1993,11,95.00,0.00,84.00
1993,12,85.00,0.00,33.00
1994,1,205.00,0.00,128.00
1994,2,310.00,0.00,54.00
1994,3,107.00,0.00,34.00
1994,4,97.00,0.00,48.00
1994,5,23.00,0.00,8.00
1994,6,26.00,0.00,12.00
1994,7,61.00,0.00,13.00
1994,8,23.00,0.00,5.00
1994,9,8.00,0.00,4.00
1994,10,10.00,0.00,7.00
1994,11,18.00,0.00,14.00
1994,12,17.20,0.00,3.60
1995,1,62.00,0.00,34.00
1995,2,392.00,0.00,76.00
1995,3,278.00,0.00,103.00
1995,4,37.00,0.00,29.00
1995,5,37.00,0.00,7.00
1995,6,41.60,0.00,8.00
1995,7,6.00,0.00,6.00
1995,8,138.40,0.00,46.00
1995,9,0.00,0.00,0.00
1995,10,60.00,0.00,25.00
1995,11,89.00,0.00,51.00
1995,12,112.00,0.00,56.00
1996,1,196.00,0.00,40.00
1996,2,119.00,0.00,37.00
1996,3,298.00,0.00,60.00
1996,4,130.00,0.00,49.00
1996,5,84.00,0.00,27.00
1996,6,51.00,0.00,11.00
1996,7,34.00,0.00,21.00
1996,8,4.00,0.00,2.00
1996,9,7.00,0.00,7.00
1996,10,96.00,0.00,61.00
1996,11,75.00,0.00,32.00
1996,12,71.00,0.00,17.00
1997,1,169.00,0.00,25.00
1997,2,184.00,0.00,48.00
1997,3,411.00,0.00,198.00
1997,4,55.00,0.00,12.00
1997,5,61.00,0.00,28.00
1997,6,24.00,0.00,6.00
1997,7,24.00,0.00,6.00
1997,8,20.00,0.00,7.00
1997,9,31.00,0.00,23.00
1997,10,5.00,0.00,3.00
1997,11,23.00,0.00,13.00
1997,12,201.00,0.00,41.00
1998,1,387.00,0.00,89.00
1998,2,182.00,0.00,95.00
1998,3,62.00,0.00,12.00
1998,4,33.00,0.00,10.00
1998,5,44.00,0.00,19.00
1998,6,14.00,0.00,4.00
1998,7,44.00,0.00,20.00
1998,8,2.00,0.00,1.00
1998,9,38.00,0.00,16.00
1998,10,47.00,0.00,30.00
1998,11,147.00,0.00,32.00
1998,12,77.00,0.00,20.00
1999,1,346.00,0.00,86.00
1999,2,686.00,0.00,280.00
1999,3,432.00,0.00,154.00
1999,4,89.00,0.00,18.00
1999,5,26.00,0.00,5.00
1999,6,25.00,0.00,7.00
1999,7,41.00,0.00,20.00
1999,8,30.00,0.00,12.00
1999,9,35.00,0.00,15.00
1999,10,12.00,0.00,5.00
1999,11,136.00,0.00,33.00
1999,12,184.00,0.00,59.00
2000,1,138.00,0.00,54.00
2000,2,890.00,0.00,201.00
2000,3,185.00,0.00,50.00
2000,4,156.00,0.00,30.00
2000,5,24.10,0.00,9.00
2000,6,30.20,0.00,14.00
2000,7,1.00,0.00,1.00
2000,8,12.00,0.00,4.00
2000,9,0.00,0.00,0.00
2000,10,13.00,0.00,4.00
2000,11,147.00,0.00,26.00
2000,12,169.00,0.00,40.00
2001,1,141.00,0.00,66.00
2001,2,541.00,0.00,133.00
2001,3,90.00,0.00,20.00
2001,4,51.00,0.00,21.00
2001,5,0.00,0.00,0.00
2001,6,62.00,0.00,7.00
2001,7,0.00,0.00,0.00
2001,8,0.00,0.00,0.00
2001,9,11.00,0.00,7.00
2001,10,44.00,0.00,33.00
2001,11,38.00,0.00,30.00
2001,12,85.00,0.00,39.00
2002,1,159.00,0.00,44.00
2002,2,195.00,0.00,63.00
2002,3,60.00,0.00,30.00
2002,4,62.00,0.00,12.00
2002,5,39.00,0.00,16.00
2002,6,30.00,0.00,26.00
2002,7,11.00,0.00,4.00
2002,8,22.00,0.00,8.00
2002,9,3.00,0.00,2.00
2002,10,0.00,0.00,0.00
2002,11,1.00,0.00,1.00
2002,12,54.00,0.00,24.00
2003,1,199.20,0.00,98.00
2003,2,117.50,0.00,29.40
2003,3,122.70,0.00,54.60
2003,4,95.30,0.00,25.00
2003,5,69.50,0.00,12.40
2003,6,36.90,0.00,12.30
2003,7,25.80,0.00,3.80
2003,8,9.00,0.00,3.20
2003,9,1.40,0.00,1.40
2003,10,24.10,0.00,15.60
2003,11,2.40,0.00,1.20
2003,12,272.00,0.00,142.20
2004,1,107.40,0.00,29.00
2004,2,557.30,0.00,88.20
2004,3,577.90,0.00,129.30
2004,4,130.60,0.00,39.00
2004,5,26.80,0.00,6.20
2004,6,16.50,0.00,2.80
2004,7,26.90,0.00,10.00
2004,8,5.00,0.00,5.00
2004,9,2.00,0.00,1.60
2004,10,39.80,0.00,28.40
2004,11,15.90,0.00,6.20
2004,12,171.80,0.00,50.20
2005,1,373.70,0.00,83.70
2005,2,93.20,0.00,36.40
2005,3,217.20,0.00,143.00
2005,4,89.00,0.00,15.50
2005,5,17.60,0.00,6.80
2005,6,25.60,0.00,4.00
2005,7,55.70,0.00,11.20
2005,8,72.30,0.00,29.20
2005,9,2.90,0.00,2.20
2005,10,53.80,0.00,33.20
2005,11,0.00,0.00,0.00
2005,12,105.60,0.00,39.80
2006,1,304.30,0.00,170.00
2006,2,86.50,0.00,26.20
2006,3,383.40,0.00,87.40
2006,4,311.10,0.00,135.20
2006,5,100.00,0.00,50.20
2006,6,47.40,0.00,15.00
2006,7,34.20,0.00,9.20
2006,8,9.00,0.00,3.40
2006,9,49.00,0.00,30.60
2006,10,27.80,0.00,7.40
2006,11,4.80,0.00,2.00
2006,12,80.30,0.00,53.20
2007,1,213.20,0.00,72.00
2007,2,354.00,0.00,72.20
2007,3,74.90,0.00,33.20
2007,4,34.50,0.00,4.40
2007,5,31.80,0.00,8.80
2007,6,56.50,0.00,16.00
2007,7,22.20,0.00,11.00
2007,8,15.40,0.00,4.60
2007,9,3.60,0.00,3.60
2007,10,15.20,0.00,7.60
2007,11,46.20,0.00,16.60
2007,12,183.20,0.00,94.60
2008,1,318.50,0.00,133.40
2008,2,557.40,0.00,129.00
2008,3,514.40,0.00,199.40
2008,4,8.20,0.00,4.20
2008,5,20.80,0.00,10.80
2008,6,16.40,0.00,3.80
2008,7,52.00,0.00,19.60
2008,8,1.40,0.00,1.40
2008,9,21.70,0.00,8.40
2008,10,18.40,0.00,6.40
2008,11,107.20,1.00,87.00
2008,12,114.20,0.00,63.80
2009,1,454.20,0.00,51.80
2009,2,371.80,0.00,60.00
2009,3,121.60,0.00,38.00
2009,4,53.00,0.00,36.80
2009,5,38.70,0.00,9.20
2009,6,8.60,0.00,5.20
2009,7,2.00,0.00,1.60
2009,8,4.00,0.00,3.00
2009,9,0.00,0.00,0.00
2009,10,7.80,0.00,4.00
2009,11,84.00,0.00,58.20
2009,12,31.40,0.00,29.00
2010,1,443.40,0.00,66.80
2010,2,206.60,0.00,28.00
2010,3,122.10,0.00,23.00
2010,4,52.80,0.00,13.50
2010,5,14.10,0.00,3.80
2010,6,15.00,0.00,4.00
2010,7,27.30,0.00,7.00
2010,8,28.30,0.00,13.50
2010,9,27.70,0.00,6.80
2010,10,57.30,0.00,10.30
2010,11,173.40,0.00,38.60
2010,12,344.20,0.00,98.60
2011,1,521.70,0.00,94.40
2011,2,390.20,0.00,65.00
2011,3,303.00,0.00,44.20
2011,4,30.90,0.00,8.00
2011,5,22.40,0.00,5.40
2011,6,37.30,0.00,15.30
2011,7,6.00,0.00,2.20
2011,8,14.00,0.00,4.20
2011,9,4.00,0.00,4.00
2011,10,78.20,0.00,31.00
2011,11,40.70,0.00,22.60
2011,12,185.50,0.00,36.00
2012,1,194.20,0.00,53.40
2012,2,122.00,0.00,28.00
2012,3,427.00,0.00,121.20
2012,4,28.60,0.00,10.80
2012,5,73.00,0.00,25.00
2012,6,40.20,0.00,33.60
2012,7,44.20,0.00,37.60
2012,8,9.60,0.00,8.20
2012,11,34.60,0.00,27.00
2012,12,1.00,0.00,1.00
2013,1,314.20,0.00,116.40
2013,2,73.40,0.00,24.20
2013,3,125.90,0.00,42.00
2013,4,76.20,0.00,26.00
2013,5,29.00,0.00,6.80
2013,6,14.60,0.00,6.60
2013,7,24.20,0.00,4.40
2013,8,0.00,0.00,0.00
2013,9,18.60,0.00,6.20
2013,10,21.00,0.00,6.20
2013,11,135.20,0.00,74.00
2013,12,29.80,0.00,13.80
2014,1,91.40,0.00,31.80
2014,2,263.80,0.00,107.80
2014,3,170.40,0.00,68.80
2014,4,226.20,0.00,99.00
2014,5,40.80,0.00,8.20
2014,6,116.80,0.00,42.00
2014,7,16.10,0.00,2.80
2014,8,19.40,0.00,7.60
2015,1,258.70,0.00,70.00
2015,2,431.90,0.00,217.00
2015,3,193.60,0.00,94.40
2015,4,46.70,0.00,11.00
2015,5,14.60,0.00,4.40
2015,6,87.00,0.00,28.60
2015,7,17.80,0.00,4.60
2015,8,2.60,0.00,2.60
2015,9,8.00,0.00,5.40
2015,10,7.80,0.00,4.40
2015,11,46.60,0.00,24.50
2015,12,227.80,0.00,38.40
2016,1,64.00,0.00,24.00
2016,2,84.60,0.00,18.50
2016,3,152.70,0.00,26.00
2016,4,44.40,0.00,8.50
2016,5,101.20,0.00,58.50
2016,6,40.60,0.00,9.00
2016,7,35.50,0.00,9.00
2016,8,20.20,0.00,5.00
2016,9,19.90,0.00,5.60
2016,10,7.20,0.00,3.20
2016,11,31.40,0.00,15.50
2016,12,81.50,0.00,36.50
2017,1,542.80,0.00,91.00
2017,2,164.20,0.00,40.00
2017,3,53.00,0.00,10.50
2017,4,52.50,0.00,14.00
2017,5,52.00,0.00,9.00
2017,6,49.50,0.00,8.50
2017,7,27.50,0.00,8.50
2017,8,3.00,0.00,2.00
2017,9,27.00,0.00,19.00
2017,11,41.60,0.00,12.00
2017,12,36.00,0.00,36.00
2018,1,282.00,0.00,85.00
2018,2,284.60,0.00,93.00
2018,3,546.00,0.00,159.00
2018,4,30.50,0.00,8.00
2018,5,23.00,0.00,4.50
2018,6,18.50,0.00,5.00
2018,7,16.50,0.00,7.50
2018,8,6.00,0.00,4.00
2018,9,3.00,0.00,1.00
2018,10,5.50,0.00,2.50
2018,11,42.00,0.00,20.00
2018,12,546.00,0.00,135.00
2019,1,373.20,0.00,158.50
2019,2,211.80,0.00,75.00
2019,3,177.90,0.00,34.50
2019,4,113.20,0.00,35.50
2019,5,45.20,0.00,6.80
2019,6,27.00,0.00,7.00
2019,7,41.80,0.00,14.50
2019,8,20.20,0.00,8.90
2019,9,1.40,0.00,1.40
2019,11,0.00,0.00,0.00
2019,12,65.80,0.00,21.00
2020,1,291.00,0.00,67.00
2020,2,161.70,0.00,26.50
2020,3,221.50,0.00,57.50
2020,4,31.00,0.00,10.00
2020,5,72.00,0.00,18.00
2020,6,43.50,0.00,8.00
2020,7,21.00,0.00,8.50
2020,8,33.50,0.00,18.50
2020,9,45.00,0.00,9.00
2020,10,20.00,0.00,15.50
2020,11,7.50,0.00,3.00
2020,12,112.00,0.00,48.00
2021,1,437.50,0.00,64.00
2021,2,208.40,0.00,41.00
2021,3,155.00,0.00,72.00
2021,4,365.50,0.00,61.00
2021,5,35.50,0.00,6.50
2021,6,35.30,0.00,15.50
2021,7,24.50,0.00,10.00
2021,8,24.00,0.00,5.00
